1 6.00
93 6.00
1456 6.00
123515 6.00
246972 6.00
1111112 6.00
1111113 6.00
1111117 6.00
123507 5.33
123508 5.20
123509 5.20
123510 5.20
123511 5.20
123512 5.20
123513 5.20
123514 5.20
246967 5.20
246968 5.20
246969 5.20
246970 5.20
246971 5.20
123516 5.00
123517 5.00
123518 5.00
123519 5.00
246973 5.00
246974 5.00
246975 5.00
246976 5.00
246977 5.00
246978 5.00
123504 4.86
123505 4.86
123506 4.86
246963 4.86
246964 4.86
246966 4.67
123503 4.50
246960 4.50
246961 4.50
246962 4.50
246965 4.29
123520 4.00
123521 4.00
123522 4.00
123523 4.00
246979 4.00
246980 4.00
246981 4.00
123524 3.00
123525 3.00
246982 3.00
123501 2.50
123502 2.50
246958 2.50
246959 2.50
4444 2.11
2 2.00
123526 2.00
123527 2.00
123528 2.00
123529 2.00
123530 2.00
123531 2.00
123532 2.00
123533 2.00
123534 2.00
123535 2.00
123536 2.00
123537 2.00
123538 2.00
123539 2.00
123540 2.00
123541 2.00
123542 2.00
123543 2.00
123544 2.00
123545 2.00
123546 2.00
123547 2.00
123548 2.00
123549 2.00
123550 2.00
123551 2.00
123552 2.00
123553 2.00
123554 2.00
123555 2.00
123556 2.00
123557 2.00
123558 2.00
123559 2.00
123560 2.00
123561 2.00
123562 2.00
123563 2.00
123564 2.00
246983 2.00
246984 2.00
246985 2.00
246986 2.00
246987 2.00
246988 2.00
246989 2.00
246990 2.00
246991 2.00
246992 2.00
246993 2.00
246994 2.00
246995 2.00
246996 2.00
246997 2.00
246998 2.00
246999 2.00
247000 2.00
247001 2.00
247002 2.00
247003 2.00
247004 2.00
247005 2.00
247006 2.00
247007 2.00
247008 2.00
247009 2.00
247010 2.00
247011 2.00
247012 2.00
247013 2.00
247014 2.00
247015 2.00
247016 2.00
247017 2.00
247018 2.00
247019 2.00
247020 2.00
247021 2.00
247022 2.00
77777 1.93
6666 1.82
7777 1.46
5555 1.04
123500 0.50
99999 0.45
123489 0.00
123490 0.00
123491 0.00
123492 0.00
246946 0.00
246947 0.00
246948 0.00
246949 0.00
246950 0.00
246951 0.00
123493 -0.40
246952 -0.40
3333 -0.54
88888 -0.65
123494 -0.67
123495 -0.67
246953 -0.67
123496 -1.11
123497 -1.11
123498 -1.11
246954 -1.11
246955 -1.11
123483 -1.20
123484 -1.20
123485 -1.20
123486 -1.20
246941 -1.20
246942 -1.20
246943 -1.20
246944 -1.20
246945 -1.20
123499 -1.50
246956 -1.50
246957 -1.50
123487 -1.60
123488 -1.60
9999 -2.24
246931 -2.71
123482 -2.80
246940 -2.80
246933 -2.86
123473 -3.00
123478 -3.00
246936 -3.00
246937 -3.00
2222 -3.08
123474 -3.33
246932 -3.33
123479 -3.45
123480 -3.45
123481 -3.45
246938 -3.45
246924 -3.47
123476 -3.54
123477 -3.54
246934 -3.54
246935 -3.54
123475 -3.60
123471 -3.65
123472 -3.65
246929 -3.65
246930 -3.65
246939 -3.82
3 -4.00
123467 -4.00
246925 -4.00
246926 -4.00
246927 -4.00
246923 -4.11
123468 -4.35
123469 -4.35
1111 -4.59
123470 -4.59
246928 -4.59
123466 -4.67
246922 -4.74
123462 -4.80
246920 -4.80
123465 -4.95
246921 -5.16
246916 -5.27
123463 -5.37
123464 -5.37
123461 -5.40
246917 -5.45
246919 -5.60
123458 -5.62
123459 -5.81
123460 -5.81
246918 -5.81
246915 -5.82
4 -6.00
9999999 -6.00
123457 -7.09
246914 -7.09
123456 -7.82
246913 -8.55
18 -10.00
456 -10.00
1156 -10.00
1111111 -10.00
